lens considered: 11780
est   len      p  q  v  m cost fx fy  S   (est = log2(Lw)+S-h_est(m); +6 penalty for even v)
47.86     6615  20 17 37 27  19  13 13  45
48.10        7   4  7 11 53   6  26 26  58
48.88       23   6  7 13 51   7  25 25  57
48.90        3   2  7  9 55   5  27 27  59
49.18      471  12 11 23 41  12  20 20  52
49.19     4567  20 11 31 33  16  16 16  48
49.20     2519  12 17 29 35  15  17 17  49
49.48     6615  19 16 35 29  19  14 14  47
49.65      215   8 11 19 45  10  22 22  54
49.70        2   0  7  7 57   4  28 28  60
49.70        6   0  7  7 57   4  28 28  60
49.90        7   3  6  9 55   6  27 27  60
49.95      151   6 11 17 47   9  23 23  55
49.96       87   8  7 15 49   8  24 24  56
50.10     6615  17 16 33 31  18  15 15  48
50.10     6615  19 14 33 31  18  15 15  48
50.21     5079  20  9 29 35  15  17 17  49
50.26    14807  20 13 33 31  17  15 15  47
50.33      343  12  7 19 45  10  22 22  54
50.48       19   2  7  9 55   5  27 27  59
50.49     3543  10 17 27 37  14  18 18  50
50.50        5   4  1  5 59   3  29 29  61
50.59      135   4 11 15 49   8  24 24  56
50.64     2263   8 17 25 39  13  19 19  51
50.67    12759  20 11 31 33  16  16 16  48
50.68       23   5  6 11 53   7  26 26  59
50.70     7127  20  9 29 35  15  17 17  49
50.70        3   1  6  7 57   5  28 28  61
50.70        7   1  6  7 57   5  28 28  61
50.70        7   3  4  7 57   5  28 28  61
50.70       15   4  3  7 57   4  28 28  60
50.72     6615  15 16 31 33  17  16 16  49
50.72     6615  17 14 31 33  17  16 16  49
50.72     6615  19 12 31 33  17  16 16  49
50.82     4439  20  7 27 37  14  18 18  50
50.90       31   6  3  9 55   5  27 27  59
50.91       55   6  5 11 53   6  26 26  58
50.97     4951  20  7 27 37  14  18 18  50
50.98      471  11 10 21 43  12  21 21  54
51.00     2519  11 16 27 37  15  18 18  51
51.00   137687  20 21 41 23  21  11 11  43
51.04      983  12  9 21 43  11  21 21  53
51.06    39383  20 15 35 29  18  14 14  46
51.06     4567  19 10 29 35  16  17 17  50
51.14      199   4 11 15 49   8  24 24  56
51.18     3287   8 17 25 39  13  19 19  51
51.21      119   8  5 13 51   7  25 25  57
51.22       39   4  5  9 55   5  27 27  59
51.25      375  12  5 17 47   9  23 23  55
51.27       71   4  7 11 53   6  26 26  58
51.28       18   0  7  7 57   4  28 28  60
51.28       21   6  1  7 57   4  28 28  60
51.28       22   0  7  7 57   4  28 28  60
51.30        1   2  1  3 61   2  30 30  62
51.36     6487  20  7 27 37  14  18 18  50
51.37      407   6 11 17 47   9  23 23  55
51.39      131   2 11 13 51   7  25 25  57
51.40     2199   6 17 23 41  12  20 20  52
51.45      215   7 10 17 47  10  23 23  56
51.47     6999  20  7 27 37  14  18 18  50
51.48       23   3  6  9 55   6  27 27  60
51.48       23   5  4  9 55   6  27 27  60
51.50        3   1  4  5 59   4  29 29  62
51.50        7   1  4  5 59   4  29 29  62
51.50        7   3  2  5 59   4  29 29  62
51.50       11   2  3  5 59   3  29 29  61
51.50       13   4  1  5 59   3  29 29  61
51.52    22999  14 17 31 33  16  16 16  48
51.55      147   2 11 13 51   7  25 25  57
51.56     2455   6 17 23 41  12  20 20  52
--- short lengths (<=24), best (p,q) per length, v odd only
51.30        1   2  1  3 61   2  30 30  62
49.70        2   0  7  7 57   4  28 28  60
48.90        3   2  7  9 55   5  27 27  59
52.10        4   0  1  1 63   1  31 31  63
50.50        5   4  1  5 59   3  29 29  61
49.70        6   0  7  7 57   4  28 28  60
48.10        7   4  7 11 53   6  26 26  58
52.10        8   0  1  1 63   1  31 31  63
52.30        9   2  1  3 61   2  30 30  62
52.30       10   0  3  3 61   2  30 30  62
51.50       11   2  3  5 59   3  29 29  61
53.10       12   0  1  1 63   1  31 31  63
51.50       13   4  1  5 59   3  29 29  61
52.30       14   0  3  3 61   2  30 30  62
50.70       15   4  3  7 57   4  28 28  60
53.10       16   0  1  1 63   1  31 31  63
52.88       17   2  1  3 61   2  30 30  62
51.28       18   0  7  7 57   4  28 28  60
50.48       19   2  7  9 55   5  27 27  59
53.68       20   0  1  1 63   1  31 31  63
51.28       21   6  1  7 57   4  28 28  60
51.28       22   0  7  7 57   4  28 28  60
48.88       23   6  7 13 51   7  25 25  57
53.68       24   0  1  1 63   1  31 31  63
